
strategic_region={
	id=103
	name="STRATEGICREGION_103"
	provinces={
		209 872 2161 2663 2863 2961 3925 4725 4799 5515 5804 7367 7707 9025 9168 9196 9226 9405 10021 10239 10349 10360 10785 10823 11046 11487 16586 16592 16598 16606 16614 16626 16629 16635 16640 16642 16649 16651 16652 16663 16676 16733 17364 17372 17374 17377 17404 17406 17428 17451 17504 17586 17619 17631 17706 17707 17735 17754 17791 17798 17877 17909 18047 18145 18163 18171 18264 18270 18305 18532 18625 18631 18664 18695 18725 18800 18817 18958 18991 19193 19194 19200 19203 19212 20287 
	}
	naval_terrain=water_shallow_sea
	weather={
	}
}
