
strategic_region={
	id=104
	name="STRATEGICREGION_104"
	provinces={
		31 95 381 448 642 820 956 979 1003 1030 1219 1298 1358 1495 1506 1655 1739 1808 1890 1950 2127 2153 2199 2251 2286 2299 2341 2382 2488 2490 2719 2755 2842 2930 2977 3136 3249 3395 3398 3401 3415 3455 3466 3474 3776 3823 3828 3926 3957 3994 4083 4102 4141 4269 4368 4375 4383 4391 4519 4544 4629 4808 4948 5004 5029 5205 5308 5344 5486 5643 5712 5764 6036 6210 6372 6379 6435 6511 6576 6604 6671 6672 6696 6702 6752 7219 7227 7308 7412 7628 7809 7818 7839 7967 8078 8200 8258 8351 8464 8601 8860 8870 8977 9039 9172 9300 9352 9466 9525 9664 9891 10167 10287 10295 10530 10935 11113 11138 11292 11319 16653 16666 16680 16685 16690 16691 16698 16700 16704 16706 16710 16716 16717 16720 16727 16735 16738 16739 16740 16741 16742 16746 16752 16756 16757 16760 16761 16764 16765 16766 16772 16775 16776 16784 16785 16793 16794 16795 16797 17409 
	}
	weather={
	}
}
