
strategic_region={
	id=105
	name="STRATEGICREGION_105"
	provinces={
		205 460 546 712 726 734 877 893 1000 1144 1543 1697 2030 2118 2252 2335 2627 2688 2740 2831 2854 2954 3170 3189 3192 3558 3719 3736 3740 3783 3900 3921 4022 4213 4282 4443 4444 4586 4713 4759 5170 5234 5473 5627 5653 5872 5933 5940 6245 6570 6630 6697 6821 7162 7392 7847 7957 7984 8103 8141 8240 8363 8390 8439 8876 8957 9036 9038 9061 9371 9772 9840 9912 10208 10568 10918 11154 11283 11603 11608 11634 16791 16803 16806 16825 16832 16836 16849 16860 16864 16867 16869 16870 16895 16901 16906 16909 16911 16915 16924 16930 16932 16934 16949 16952 16954 16958 16969 16975 16986 17002 17033 17036 17043 17059 17068 17410 17411 
	}
	weather={
	}
}
