strategic_region={
	id=111
	name="STRATEGICREGION_111"
	provinces={
		4 12 116 136 171 246 327 343 346 355 383 399 420 494 553 556 624 652 704 721 742 778 807 898 1039 1107 1140 1193 1198 1232 1237 1246 1263 1277 1336 1347 1350 1355 1395 1517 1591 1616 1634 1675 1724 1811 1842 1848 1910 2093 2147 2188 2210 2224 2283 2302 2458 2470 2502 2539 2552 2559 2593 2611 2723 2727 2747 2757 2811 2836 2861 2893 2932 2936 3056 3061 3106 3126 3139 3282 3306 3346 3375 3461 3463 3494 3530 3611 3650 3653 3670 3674 3677 3687 3709 3714 3727 3816 3902 3953 4156 4201 4278 4315 4331 4354 4411 4509 4582 4633 4643 4706 4758 4793 4819 4826 4827 4869 4913 4926 4993 5017 5043 5051 5063 5140 5145 5159 5180 5185 5212 5220 5266 5340 5386 5427 5466 5483 5524 5571 5610 5646 5658 5671 5684 5714 5800 5874 5888 5915 5937 5951 6064 6075 6100 6149 6169 6194 6199 6214 6247 6251 6291 6317 6318 6333 6426 6436 6501 6556 6577 6594 6645 6723 6787 6827 6873 6881 6885 6914 6938 6942 7053 7148 7177 7182 7229 7239 7278 7310 7395 7411 7459 7470 7492 7538 7579 7587 7601 7624 7637 7676 7714 7736 7884 7885 7904 7964 7971 8037 8040 8068 8095 8098 8106 8111 8151 8160 8167 8191 8208 8217 8244 8441 8523 8539 8556 8560 8575 8639 8646 8649 8732 8740 8741 8743 8779 8805 8815 8913 8946 8955 8959 8978 9029 9063 9105 9122 9132 9151 9170 9194 9230 9241 9255 9304 9318 9341 9372 9394 9403 9508 9545 9561 9615 9630 9677 9702 9759 9776 9792 9802 9812 9830 9881 9897 9956 10115 10170 10226 10289 10350 10430 10450 10453 10510 10614 10677 10710 10753 10784 10789 10797 10827 10870 10906 10930 10946 10951 10973 10998 11002 11003 11036 11049 11057 11063 11157 11160 11228 11234 11236 11274 11296 11340 11385 11388 11414 11441 11471 11517 11571 11585 11616 11627 15468 15489 15497 15513 15528 15529 15534 15543 15571 15588 15606 15628 15646 15649 15659 15667 15683 15696 15708 15709 15715 15723 15729 15730 15739 15741 15753 15764 15783 15788 15789 15809 15810 15817 15819 15825 15839 15843 15846 15875 15878 15886 15898 15904 15912 15938 15943 15960 15961 15963 15964 15967 15971 15988 15989 15991 16005 16007 16014 16015 16017 16018 16020 16031 16040 16047 16048 16049 16053 16068 16072 16078 16083 16084 16093 16100 16102 16106 16107 16113 16124 16125 16127 16133 16139 16148 16151 16163 16172 16201 16203 16211 16215 16221 16225 16228 16237 16238 16242 16248 16249 16253 16265 16266 16267 16275 16278 16282 16283 16288 16295 16306 16317 16331 16332 16335 16339 16349 16360 16362 16370 16375 16376 16382 16384 16387 16388 16391 16397 16399 16403 16408 16424 16429 16434 16439 16440 16451 16452 16453 16456 16460 16465 16468 16470 16471 16473 16474 16478 16482 16485 16489 16503 16508 16509 16512 16518 16524 16527 16539 16551 16553 17339 17351 19705 19707 19708 19709 
	}
	weather={
		period={
			between={ 0.0 30.0 }
			temperature={ 1.0 11.0 }
			temperature_day_night={ 8.0 -9.0 }
			no_phenomenon=0.700
			rain_light=0.200
			rain_heavy=0.080
			snow=0.020
			blizzard=0.000
			arctic_water=0.000
			mud=1.000
			sandstorm=0.000
			min_snow_level=0.000
		}
		period={
			between={ 0.1 27.1 }
			temperature={ 2.0 13.0 }
			temperature_day_night={ 9.0 -9.0 }
			no_phenomenon=0.700
			rain_light=0.200
			rain_heavy=0.080
			snow=0.020
			blizzard=0.000
			arctic_water=0.000
			mud=1.000
			sandstorm=0.000
			min_snow_level=0.000
		}
		period={
			between={ 0.2 30.2 }
			temperature={ 4.0 17.0 }
			temperature_day_night={ 7.0 -7.0 }
			no_phenomenon=0.700
			rain_light=0.200
			rain_heavy=0.100
			snow=0.000
			blizzard=0.000
			arctic_water=0.000
			mud=1.000
			sandstorm=0.000
			min_snow_level=0.000
		}
		period={
			between={ 0.3 29.3 }
			temperature={ 6.0 18.0 }
			temperature_day_night={ 7.0 -7.0 }
			no_phenomenon=0.650
			rain_light=0.250
			rain_heavy=0.100
			snow=0.000
			blizzard=0.000
			arctic_water=0.000
			mud=1.000
			sandstorm=0.000
			min_snow_level=0.000
		}
		period={
			between={ 0.4 30.4 }
			temperature={ 10.0 23.0 }
			temperature_day_night={ 7.0 -7.0 }
			no_phenomenon=0.650
			rain_light=0.250
			rain_heavy=0.100
			snow=0.000
			blizzard=0.000
			arctic_water=0.000
			mud=1.000
			sandstorm=0.000
			min_snow_level=0.000
		}
		period={
			between={ 0.5 29.5 }
			temperature={ 14.0 29.0 }
			temperature_day_night={ 8.0 -8.0 }
			no_phenomenon=0.700
			rain_light=0.200
			rain_heavy=0.100
			snow=0.000
			blizzard=0.000
			arctic_water=0.000
			mud=1.000
			sandstorm=0.000
			min_snow_level=0.000
		}
		period={
			between={ 0.6 30.6 }
			temperature={ 17.0 34.0 }
			temperature_day_night={ 8.0 -8.0 }
			no_phenomenon=0.800
			rain_light=0.150
			rain_heavy=0.050
			snow=0.000
			blizzard=0.000
			arctic_water=0.000
			mud=1.000
			sandstorm=0.000
			min_snow_level=0.000
		}
		period={
			between={ 0.7 30.7 }
			temperature={ 17.0 33.0 }
			temperature_day_night={ 7.0 -6.0 }
			no_phenomenon=0.850
			rain_light=0.100
			rain_heavy=0.050
			snow=0.000
			blizzard=0.000
			arctic_water=0.000
			mud=1.000
			sandstorm=0.000
			min_snow_level=0.000
		}
		period={
			between={ 0.8 29.8 }
			temperature={ 13.0 27.0 }
			temperature_day_night={ 8.0 -6.0 }
			no_phenomenon=0.850
			rain_light=0.100
			rain_heavy=0.050
			snow=0.000
			blizzard=0.000
			arctic_water=0.000
			mud=1.000
			sandstorm=0.000
			min_snow_level=0.000
		}
		period={
			between={ 0.9 30.9 }
			temperature={ 9.0 21.0 }
			temperature_day_night={ 8.0 -6.0 }
			no_phenomenon=0.750
			rain_light=0.150
			rain_heavy=0.100
			snow=0.000
			blizzard=0.000
			arctic_water=0.000
			mud=1.000
			sandstorm=0.000
			min_snow_level=0.000
		}
		period={
			between={ 0.10 29.10 }
			temperature={ 4.0 14.0 }
			temperature_day_night={ 8.0 -8.0 }
			no_phenomenon=0.650
			rain_light=0.250
			rain_heavy=0.100
			snow=0.000
			blizzard=0.000
			arctic_water=0.000
			mud=1.000
			sandstorm=0.000
			min_snow_level=0.000
		}
		period={
			between={ 0.11 30.11 }
			temperature={ 2.0 11.0 }
			temperature_day_night={ 8.0 -8.0 }
			no_phenomenon=0.650
			rain_light=0.250
			rain_heavy=0.800
			snow=0.020
			blizzard=0.000
			arctic_water=0.000
			mud=1.000
			sandstorm=0.000
			min_snow_level=0.000
		}
	}
}