
strategic_region={
	id=64
	name="STRATEGICREGION_64"
	provinces={
		28 90 117 152 153 173 183 189 221 222 250 271 297 334 366 407 440 443 462 485 535 540 630 640 670 696 791 835 843 853 875 937 938 945 965 971 972 1060 1070 1101 1102 1194 1212 1258 1307 1321 1365 1372 1375 1399 1471 1472 1474 1548 1549 1573 1584 1604 1661 1669 1714 1736 1751 1765 1776 1783 1812 1824 1830 1843 1850 1901 1919 1933 1947 1989 2013 2020 2039 2073 2100 2126 2162 2200 2214 2229 2236 2239 2243 2244 2257 2263 2301 2314 2325 2380 2390 2404 2438 2452 2523 2534 2548 2551 2565 2576 2625 2686 2765 2819 2832 2838 2860 2910 2949 2972 2973 2975 3002 3047 3085 3115 3162 3201 3212 3255 3277 3280 3318 3324 3377 3446 3472 3484 3584 3676 3697 3706 3723 3724 3728 3732 3749 3802 3809 3854 3888 3913 3931 3933 3939 3964 3979 4001 4009 4023 4037 4048 4053 4104 4121 4232 4264 4322 4341 4402 4425 4438 4455 4484 4486 4497 4525 4615 4654 4700 4710 4732 4754 4835 4836 4986 4995 5061 5102 5112 5123 5147 5153 5188 5269 5298 5322 5338 5339 5462 5493 5534 5563 5580 5592 5599 5600 5699 5722 5799 5842 6053 6089 6097 6135 6161 6220 6360 6365 6366 6390 6414 6429 6473 6503 6518 6552 6575 6656 6675 6689 6742 6828 6876 6918 6920 6993 7010 7035 7206 7402 7407 7434 7461 7467 7486 7499 7501 7559 7662 7681 7699 7712 7715 7740 7753 7767 7789 7817 7821 7845 7866 7902 7916 7931 7948 8075 8084 8114 8175 8205 8238 8247 8326 8349 8477 8482 8486 8510 8537 8562 8599 8645 8652 8693 8718 8755 8766 8837 8851 8906 8938 8964 8982 9006 9012 9060 9068 9094 9097 9121 9129 9133 9162 9175 9201 9228 9268 9316 9337 9467 9488 9523 9524 9592 9632 9635 9714 9813 9862 9885 9895 9947 9976 9980 9986 10033 10043 10069 10092 10161 10181 10189 10190 10225 10351 10372 10417 10418 10424 10426 10440 10449 10476 10480 10518 10537 10540 10642 10665 10675 10711 10751 10818 10843 10863 10896 11122 11146 11241 11269 11299 11334 11397 11403 11426 11455 11456 11490 11521 11581 11607 11635 15775 15787 15815 15823 15848 15852 15853 15866 15871 15881 15908 15909 15913 15914 15922 15950 15972 16021 16027 16046 16057 16063 16064 16066 16080 16089 16090 16103 16108 16118 16122 16129 16130 16134 16136 16138 16161 16164 16168 16175 16193 16194 16199 16204 16207 16216 16222 16223 16226 16229 16230 16233 16245 16257 16258 16260 16261 16268 16271 16280 16281 16284 16289 16290 16297 16298 16300 16305 16312 16321 16327 16340 16342 16346 16347 16350 16354 16358 16364 16365 16369 16392 16398 16410 16411 16418 16419 16421 16432 16433 16435 16461 16463 16464 16467 16472 16475 16479 16483 16495 16500 16510 16514 16515 16516 16519 16528 16530 16531 16535 16536 16537 16540 16541 16544 16546 16548 16549 16550 16560 16564 16565 16570 16571 16572 16573 16579 16580 16583 16587 16589 16590 16596 16604 16610 16611 16612 16621 16622 16623 16624 16627 16630 16631 16632 16638 16641 16643 16645 16646 16647 16648 16654 16655 16658 16661 16664 16669 16671 16675 16678 16679 16681 16696 16701 16702 17378 17389 19713 20315 20316 20317 20327 
	}
	weather={
		period={
			between={ 0.0 30.0 }
			temperature={ 16.0 27.0 }
			temperature_day_night={ -16.0 5.0 }
			no_phenomenon=0.600
			rain_light=0.000
			rain_heavy=0.000
			snow=0.000
			blizzard=0.000
			arctic_water=0.000
			mud=1.000
			sandstorm=0.200
			min_snow_level=0.000
		}
		period={
			between={ 0.1 27.1 }
			temperature={ 18.0 27.0 }
			temperature_day_night={ -15.0 5.0 }
			no_phenomenon=0.600
			rain_light=0.000
			rain_heavy=0.000
			snow=0.000
			blizzard=0.000
			arctic_water=0.000
			mud=1.000
			sandstorm=0.200
			min_snow_level=0.000
		}
		period={
			between={ 0.2 30.2 }
			temperature={ 22.0 34.0 }
			temperature_day_night={ -13.0 7.0 }
			no_phenomenon=0.600
			rain_light=0.000
			rain_heavy=0.000
			snow=0.000
			blizzard=0.000
			arctic_water=0.000
			mud=1.000
			sandstorm=0.200
			min_snow_level=0.000
		}
		period={
			between={ 0.3 29.3 }
			temperature={ 29.0 37.0 }
			temperature_day_night={ -16.0 5.0 }
			no_phenomenon=0.600
			rain_light=0.000
			rain_heavy=0.000
			snow=0.000
			blizzard=0.000
			arctic_water=0.000
			mud=1.000
			sandstorm=0.200
			min_snow_level=0.000
		}
		period={
			between={ 0.4 30.4 }
			temperature={ 34.0 42.0 }
			temperature_day_night={ -15.0 4.0 }
			no_phenomenon=0.600
			rain_light=0.000
			rain_heavy=0.000
			snow=0.000
			blizzard=0.000
			arctic_water=0.000
			mud=1.000
			sandstorm=0.200
			min_snow_level=0.000
		}
		period={
			between={ 0.5 29.5 }
			temperature={ 34.0 44.0 }
			temperature_day_night={ -15.0 5.0 }
			no_phenomenon=0.600
			rain_light=0.000
			rain_heavy=0.000
			snow=0.000
			blizzard=0.000
			arctic_water=0.000
			mud=1.000
			sandstorm=0.200
			min_snow_level=0.000
		}
		period={
			between={ 0.6 30.6 }
			temperature={ 35.0 42.0 }
			temperature_day_night={ -15.0 5.0 }
			no_phenomenon=0.600
			rain_light=0.000
			rain_heavy=0.000
			snow=0.000
			blizzard=0.000
			arctic_water=0.000
			mud=1.000
			sandstorm=0.200
			min_snow_level=0.000
		}
		period={
			between={ 0.7 30.7 }
			temperature={ 36.0 42.0 }
			temperature_day_night={ -13.0 4.0 }
			no_phenomenon=0.600
			rain_light=0.000
			rain_heavy=0.000
			snow=0.000
			blizzard=0.000
			arctic_water=0.000
			mud=1.000
			sandstorm=0.200
			min_snow_level=0.000
		}
		period={
			between={ 0.8 29.8 }
			temperature={ 33.0 38.0 }
			temperature_day_night={ -15.0 5.0 }
			no_phenomenon=0.600
			rain_light=0.000
			rain_heavy=0.000
			snow=0.000
			blizzard=0.000
			arctic_water=0.000
			mud=1.000
			sandstorm=0.200
			min_snow_level=0.000
		}
		period={
			between={ 0.9 30.9 }
			temperature={ 28.0 37.0 }
			temperature_day_night={ -13.0 4.0 }
			no_phenomenon=0.600
			rain_light=0.000
			rain_heavy=0.000
			snow=0.000
			blizzard=0.000
			arctic_water=0.000
			mud=1.000
			sandstorm=0.200
			min_snow_level=0.000
		}
		period={
			between={ 0.10 29.10 }
			temperature={ 22.0 30.0 }
			temperature_day_night={ -14.0 4.0 }
			no_phenomenon=0.600
			rain_light=0.000
			rain_heavy=0.000
			snow=0.000
			blizzard=0.000
			arctic_water=0.000
			mud=1.000
			sandstorm=0.200
			min_snow_level=0.000
		}
		period={
			between={ 0.11 30.11 }
			temperature={ 17.0 27.0 }
			temperature_day_night={ -14.0 5.0 }
			no_phenomenon=0.600
			rain_light=0.000
			rain_heavy=0.000
			snow=0.000
			blizzard=0.000
			arctic_water=0.000
			mud=1.000
			sandstorm=0.200
			min_snow_level=0.000
		}
	}
}
