
strategic_region={
	id=80
	name="STRATEGICREGION_80"
	provinces={
		197 651 1009 2042 2062 2109 2123 2247 2647 2742 2931 3342 3492 3554 3988 4214 4268 4563 4850 5008 5053 5124 5146 5388 5560 5968 5993 5995 6123 6219 6309 6419 6739 6790 6808 7122 7228 7532 7677 7682 8145 8366 8488 8516 8751 8839 9267 9308 9348 9557 9616 9822 9855 10063 10216 10359 10387 10654 11366 11418 11641 14407 14439 14480 14481 14489 14493 14528 14544 14563 14575 14591 14592 14595 14647 14648 14681 14691 14693 14695 14702 14712 14720 14744 14796 14822 14829 14833 14841 14857 14868 14897 14898 14957 15045 15130 15141 19627 19628 19629 19630 19633 19634 19639 19640 19642 19643 19644 19645 19646 19647 19648 19649 19650 19651 19652 19653 19655 19656 19657 19658 19659 19660 19661 19662 19663 19664 19665 19666 19667 19668 19669 19670 19671 19672 19673 19675 19677 19678 19679 19680 19681 19682 19683 19684 19685 19687 19688 19689 19693 19694 19695 19696 19697 19698 19699 19701 19937 19950 19955 19960 19968 19971 19974 19979 19993 
	}
	weather={
	}
}
