
strategic_region={
	id=82
	name="STRATEGICREGION_82"
	provinces={
		369 909 978 1459 1971 2104 2515 2709 3325 3344 3413 3905 4900 5324 6348 6351 7158 7340 7446 7488 7561 7588 7633 7772 7959 8158 8526 8620 9140 9246 9442 9753 9856 9973 9974 10260 10320 10504 10523 10541 10570 10907 11039 11130 11207 11295 11481 11611 12989 13058 13076 13103 13132 13133 13177 13195 13202 13208 13224 13237 13238 13242 13250 13266 13276 13278 13301 13312 13320 13323 13342 13345 13356 13372 13375 13398 17279 17281 17283 17284 17286 17287 17288 17289 17291 17294 17295 17296 
	}
	weather={
	}
}
