
strategic_region={
	id=84
	name="STRATEGICREGION_84"
	provinces={
		148 150 558 736 849 940 1019 1180 1373 1453 1541 2532 2672 3173 3853 4190 4452 4504 4600 4722 4765 4786 5018 5254 5422 5454 5510 5690 5743 5883 5942 6080 6275 6304 6369 6734 6971 7022 7174 7204 7338 7365 7453 7720 7758 7938 8070 8143 8161 8193 8257 8321 8350 8382 8417 8481 8531 8670 8678 8692 8800 8802 9103 9114 9239 9301 9400 9756 9794 9804 9950 10114 10200 10222 10270 10280 10370 10380 10409 10566 10883 11267 11348 11518 14986 15023 15030 15038 15065 15069 15103 15139 15142 15152 15154 15186 15192 15195 15223 15227 15240 15246 15371 15379 15383 15392 15394 15405 15418 15429 15432 15448 15460 15465 15486 15495 15532 15540 15555 15564 15569 15572 15581 15615 15627 15631 19401 19402 19863 19864 19874 19882 19909 19930 19969 19972 19991 20008 20011 20012 20013 20014 20016 20017 20018 20019 20020 20021 20024 20025 20027 20028 20030 20031 20033 20036 20037 20038 20039 20040 20041 20042 20043 20044 20045 20046 20047 20048 20072 20073 20074 20075 20076 20077 20078 20125 20126 20127 20128 20129 20130 20131 20132 20133 20134 20135 20136 20137 20138 20140 20143 20144 20145 20146 20148 20150 20152 20153 20159 20160 20161 20165 20166 20167 20168 20176 20177 20186 20189 
	}
	weather={
	}
}
