
strategic_region={
	id=86
	name="STRATEGICREGION_86"
	provinces={
		58 194 701 944 954 1213 1293 1567 1657 1729 2195 2280 2583 2604 2632 2823 3121 3638 3763 4041 4063 4130 4166 4450 4676 4789 5614 5909 6033 6278 6507 6526 6643 6764 6814 7008 7036 7052 7133 7166 7167 7244 7253 7477 7497 7666 8315 8322 8616 9052 9652 9685 9778 9873 10184 10234 10352 10384 10508 10705 11150 11402 11409 11595 13618 13657 13662 13668 13672 13704 13705 13744 13756 13772 13776 13813 13814 13843 13855 13878 13891 13923 13927 13938 13939 13960 13971 13983 13990 14009 14024 14025 14043 14049 14055 14056 14057 14084 14092 14123 14125 14141 14144 14160 14180 14190 14276 17301 17302 17303 17304 19472 19474 20342 20343 20345 
	}
	weather={
	}
}
