
strategic_region={
	id=89
	name="STRATEGICREGION_89"
	provinces={
		55 492 2416 2958 2980 3701 3912 4558 5034 5279 5464 5536 5673 5730 6051 6190 6394 6459 6803 6813 6826 6837 6864 7005 7120 7163 7625 7820 7974 8096 8313 8951 9124 9212 9498 9555 9646 9837 9914 10068 10291 10314 10680 10761 11045 11223 11227 11230 11477 14958 14972 14973 14996 15004 15007 15033 15041 15042 15055 15060 15062 15079 15090 15099 15109 15114 15118 15143 15146 15148 15177 15187 15196 15268 19399 20178 20181 20184 20260 20261 20264 20267 
	}
	weather={
	}
}
