
strategic_region={
	id=90
	name="STRATEGICREGION_90"
	provinces={
		441 590 609 772 829 860 1166 1220 1386 1439 1972 2066 2092 2230 2419 2541 2563 2739 2815 2837 2960 3039 3265 3314 3520 3565 3684 3686 3694 3733 3838 4195 4245 4272 4325 4408 4479 4554 4607 4613 4719 4772 5038 5242 5249 5310 5343 5453 5589 6001 6018 6114 6322 6382 6515 6638 6746 6810 6836 7075 7084 7098 7242 7436 7632 7660 7685 7746 7811 7827 7835 8077 8090 8388 8618 8690 8799 9001 9079 9125 9154 9298 9307 9382 9420 9451 9520 9687 9854 10016 10129 10251 10313 10592 10605 10629 10755 10773 10826 10853 10993 13669 13735 13753 13777 13792 13821 13834 13838 13849 13850 13861 13869 13870 13900 13910 13912 13931 13934 13940 13950 13951 13957 13972 13978 13979 13980 13992 14019 14033 14034 14050 14058 14079 14089 14101 14120 14128 14135 14145 14148 14161 14181 14191 14196 14200 14203 14204 14229 14233 14242 14244 14245 14258 14265 14275 14286 14299 14353 14367 14373 14386 14400 
	}
	weather={
	}
}
