
strategic_region={
	id=91
	name="STRATEGICREGION_91"
	provinces={
		339 436 548 589 1470 1864 2241 2430 3016 3213 3316 3444 3881 4060 4162 4372 4417 4560 4692 4822 4829 5633 5675 6205 6869 7101 7169 7270 7557 7697 7793 8056 8500 8582 8744 8814 8987 9026 9076 9163 9195 9222 9359 9531 10145 10462 10575 10617 10768 11004 11073 11083 11377 11404 11440 11508 11621 13453 13544 13554 13581 13582 13593 13594 13597 13630 13642 13643 13658 13673 13683 13699 13722 13723 13738 13739 13745 13758 13767 13773 13781 13788 13789 13790 13800 13803 13804 13808 13825 13830 13881 13941 13984 14027 14445 15703 19427 19428 19464 19465 19466 20015 20297 20331 
	}
	weather={
	}
}
