
strategic_region={
	id=92
	name="STRATEGICREGION_92"
	provinces={
		40 219 356 468 607 613 746 840 959 1096 1241 1273 1434 1527 1749 1771 2107 2187 2197 2211 2298 2429 2455 2461 2587 2622 2653 2654 2692 2729 2808 2866 2892 2934 2944 2968 2987 2989 3187 3206 3497 3508 3729 3744 3812 4316 4657 4825 4871 4890 4892 4973 4977 5033 5106 5126 5152 5259 5490 5578 5659 5716 5948 6000 6071 6099 6132 6271 6418 6466 6490 6694 6791 6937 6990 7021 7086 7141 7153 7332 7364 7518 7679 7754 7787 7838 7840 7935 7956 7988 8024 8176 8181 8213 8281 8410 8469 8541 8559 8583 8588 8615 8772 8782 8948 9077 9198 9233 9249 9303 9346 9393 9410 9563 9569 9571 9608 9650 9764 9860 10374 10382 10429 10468 10471 10606 10679 10681 10687 10692 10770 10952 11021 11051 11068 11079 11324 11342 11357 11373 11399 11622 12925 12961 12969 12987 12994 13008 13014 13020 13021 13032 13033 13037 13047 13050 13068 13069 13080 13093 13094 13098 13100 13114 13119 13124 13137 13140 13147 13157 13163 13164 13166 13169 13174 13181 13187 13190 13196 13200 13203 13204 13205 13209 13215 13222 13233 13240 13252 13255 13258 13264 13267 13268 13272 13279 13280 13283 13287 13295 13297 13298 13307 13310 13313 13316 13317 13324 13325 13336 13346 13350 13353 13357 13366 13368 13373 13376 13380 13381 13393 13401 13426 13437 13440 13452 13461 13463 13474 13481 13482 13486 13498 13499 13514 13521 13540 13549 18497 20010 20314 
	}
	weather={
	}
}
