
strategic_region={
	id=93
	name="STRATEGICREGION_93"
	provinces={
		140 190 268 320 412 506 567 647 755 757 802 1199 1272 1305 1826 1960 1991 2037 2061 2173 2473 2520 2525 2550 2721 2787 2891 2928 2962 2998 3270 3357 3423 3431 3471 3562 3625 3725 3742 4014 4212 4326 4460 4492 4751 4814 4841 4865 4891 5056 5066 5092 5161 5314 5398 5414 5491 5552 5561 5606 5821 5861 6030 6055 6128 6202 6289 6491 6505 6520 6525 6654 6714 6939 6998 7061 7069 7179 7333 7463 7642 7880 8007 8050 8058 8146 8264 8387 8432 8475 8506 8530 8568 8631 8784 8845 8847 8901 9041 9053 9146 9221 9471 9591 9710 9755 10039 10046 10080 10108 10110 10122 10198 10292 10317 10401 10444 10485 10686 10793 10817 10844 10898 11162 11164 11206 15643 15655 15660 15671 15830 15872 15885 15893 15915 15918 15926 15965 15966 15984 15986 15994 15997 15998 16024 16042 16045 16055 16061 16074 16075 16082 16086 16087 16094 16098 16105 16111 16112 16114 16115 16126 16155 16170 16171 16177 16180 16181 16183 16191 16195 16196 16200 16202 16205 16208 16218 16224 16227 16232 16235 16240 16243 16259 16269 16272 16291 16292 16307 16315 16322 16324 16325 16336 16337 16352 16359 16361 16363 16367 16373 
	}
	weather={
	}
}
