
strategic_region={
	id=94
	name="STRATEGICREGION_94"
	provinces={
		15 149 160 442 844 888 890 1067 1234 1253 1317 1332 1448 1501 1514 1627 1632 1738 1791 1815 1836 1880 1893 1899 2070 2132 2138 2165 2290 2347 2358 2362 2602 2642 2792 2903 2995 3084 3177 3183 3301 3317 3406 3408 3512 3647 3721 3774 3845 3917 4006 4038 4221 4296 4308 4311 4340 4499 4576 4592 4634 4691 4703 4939 4941 4955 4968 4979 4989 5263 5505 5543 5585 5648 5746 5755 5797 5939 6070 6110 6216 6287 6519 6545 6559 6644 6793 6817 6860 6956 6977 6992 7124 7178 7345 7355 7360 7493 7517 7566 7659 7686 7706 7903 7994 8033 8074 8147 8202 8234 8361 8426 8458 8487 8497 8603 8621 8623 8858 8903 8918 9064 9072 9141 9476 9609 9735 9814 9824 9836 9935 9954 10022 10049 10126 10231 10276 10334 10368 10394 10461 10473 10511 10520 10550 10601 10626 10685 10697 10709 10851 10859 10975 10985 11038 11087 11209 11222 11239 11243 11270 11297 11310 11323 11349 11413 11524 13524 13559 13563 13567 13611 13645 13655 13659 13660 13678 13688 13692 13697 13707 13708 13726 13727 13730 13733 13740 13760 13764 13783 13805 13809 13828 13831 13840 13841 13873 13874 13886 13887 13920 13921 13925 13929 13958 13963 13964 13970 13986 13997 14001 14015 14036 14038 14039 14041 14045 14046 14067 14068 14099 14103 14108 14111 14112 14139 14149 14167 14171 14172 14176 14182 14202 14206 14220 14224 14235 14248 14260 14270 14271 14280 14282 14298 14319 14325 14340 14364 14368 14432 14482 14507 14577 20301 20320 20337 20338 
	}
	weather={
	}
}
