
strategic_region={
	id=96
	name="STRATEGICREGION_96"
	provinces={
		277 525 619 677 702 865 1089 1615 1653 1704 1725 1833 1888 2312 2701 3034 3089 3181 3339 3500 3585 3707 4059 4343 4397 4490 4597 5166 5193 5217 5250 5315 5359 5465 5474 5756 5809 5868 6024 6140 6160 6188 6261 6279 6319 6362 6615 6930 6999 7077 7091 7136 7369 7443 7548 7593 7623 7918 7962 8042 8047 8099 8174 8178 8342 8389 8694 8745 8937 8999 9234 9289 9305 9426 9477 9623 9626 9698 9817 10096 10100 10182 10204 10265 10519 10666 10704 10822 10924 10976 11194 11221 11582 15377 15381 15385 15403 15414 15422 15423 15424 15437 15451 15452 15461 15466 15480 15508 15512 15520 15521 15523 15527 15537 15548 15549 15556 15561 15573 15575 15578 15579 15582 15585 15595 15599 15605 15618 15634 15650 15651 15653 15658 15662 15669 15672 15675 15681 15700 15701 15711 15714 15719 15720 15721 15722 15728 15738 15746 15763 15770 15774 15777 15782 15813 15816 15847 19406 19408 19409 19411 19415 19416 19420 19997 20100 20101 20102 20103 20104 20105 20106 20229 20232 20298 20365 20366 20367 20368 20369 20370 20371 20372 20373 20374 20375 
	}
	weather={
	}
}
