
strategic_region={
	id=97
	name="STRATEGICREGION_97"
	provinces={
		270 713 916 946 1238 1492 1639 1670 1694 1804 1967 2083 2246 2333 2425 2659 2667 2717 3169 3195 3416 3424 3428 3445 3514 3718 3834 3945 4050 4180 4290 4303 4506 4573 4667 5003 5335 5401 5478 5525 5701 6068 6243 6383 6411 6704 6730 6765 6908 6981 7039 7048 7160 7193 7474 7575 7620 7828 7877 7926 7950 8136 8318 8448 8501 8677 8844 9050 9070 9280 9324 9383 9417 9418 9494 9556 9594 9658 9732 9750 10118 10156 10465 10811 11032 11052 11067 11076 11345 11346 11412 11557 15583 15594 15600 15620 15645 15663 15666 15692 15707 15712 15726 15747 15752 15772 15778 15779 15785 15793 15802 15803 15808 15812 15814 15829 15838 15851 15859 15864 15865 15896 15901 15906 15907 15916 15921 15923 15924 15929 15940 15947 15948 15949 15954 15957 15975 15985 17341 19710 19711 19712 20358 20359 20360 20361 20362 20363 20364 20376 20377 20378 20379 20380 20381 20382 20383 20384 20385 20386 20387 20388 20389 20390 20391 20392 20393 20394 20395 20396 20397 20398 20399 20400 20401 20402 20403 20404 20405 20406 20407 20408 20409 20410 20411 20412 20413 20414 20415 20416 20417 20418 20419 20420 20421 20422 
	}
	weather={
	}
}
