
strategic_region={
	id=98
	name="STRATEGICREGION_98"
	provinces={
		256 618 1494 1654 2156 2732 2922 3006 3479 3505 3948 3969 4090 4171 4823 5087 5174 5400 5526 5545 5763 5854 5857 6167 6602 6779 7000 7114 7299 7350 7798 7893 7912 8134 8271 8273 8353 8428 8484 9187 9206 9589 9761 9983 10230 10855 11369 11436 14913 15212 15224 15234 15237 15254 15258 15277 15279 15283 15297 15304 15310 15316 15333 15334 15337 15344 15380 15395 15406 15408 15433 15442 15449 15456 15457 15469 15470 15499 15506 15511 15516 15565 15577 15637 19475 19489 19490 20068 20069 20139 20141 20142 20147 20149 20151 20154 20155 20156 20157 20158 20162 20163 20164 20169 20170 20171 20172 20173 20174 20175 20179 20180 20182 20183 20185 20187 20188 20255 20256 20257 20258 20259 20324 20354 20357 
	}
	weather={
	}
}
