2 8 677 20298 3500 10924 1615 619 20373 8047 
1 9 677 15634 5809 15700 9626 4397 5408 15877 9816 
1 9 9816 20300 3077 15959 8269 16012 4342 2649 1852 
1 7 1852 2649 16099 1445 8809 16247 16270 
1 11 16270 6474 10339 16381 5379 1713 7617 8431 8242 8424 16491 
1 6 8047 20368 1089 15763 6411 20360 
1 10 20360 20380 20382 3514 7474 15752 2425 20393 20391 11557 
1 12 11557 15859 9658 15896 7575 6908 2246 5335 1967 6730 4290 3195 
1 8 677 3089 9234 1725 15466 6999 15377 19997 
1 6 19997 11144 9672 15263 15221 9797 
1 3 15180 15181 15221 
1 9 15180 10820 7578 4695 4908 15356 8595 19996 19997 
1 9 9797 15194 15182 20242 20244 7096 15210 20241 15255 
1 8 9797 9180 20194 20269 15112 20193 4429 15180 
1 8 20269 8558 5644 15019 20274 10916 14932 19994 
1 10 19994 14932 10916 15035 15064 15100 15138 20192 4429 15180 
1 14 20271 9972 3070 20273 11503 14961 14923 8250 20205 14928 20277 2370 14932 19994 
1 8 19994 20213 14789 20216 1409 1978 14783 7296 
1 7 7296 14652 14624 5641 4116 8060 11205 
1 10 11205 4934 14494 11172 14512 3347 9841 14546 14513 2769 
1 16 19994 20279 14824 14851 20280 9254 14906 6327 20285 5213 20211 20210 14839 6890 20050 19405 
1 15 20271 15051 15086 6196 5332 10788 15110 5239 11121 2945 9668 15020 6045 6926 15123 
1 7 7391 15281 20309 4620 5064 9693 15123 
1 4 7391 11186 15376 785 
1 9 7391 11186 15290 4806 505 20308 15306 5452 9605 
1 9 7391 11566 15305 15280 15312 9158 15373 2847 8813 
1 7 15255 3222 1586 15378 4687 15386 8813 
1 9 8427 14559 11135 8944 7946 14723 14740 14742 621 
1 9 621 2540 10433 9904 3453 14718 8206 14706 20329 
1 11 14723 8832 14910 14939 2427 7449 10495 8397 5590 8137 4620 
1 3 9181 3296 15026 
1 12 15352 20124 10972 15349 15372 6477 8850 15273 7506 15241 2668 5765 
1 10 5765 10854 3026 3268 20191 20197 15034 14997 3692 19994 
1 8 7506 5461 15209 19998 9791 15287 10894 3579 
1 15 5461 7598 15145 15104 15083 9265 159 2881 14887 699 14866 14837 10248 20051 19405 
1 16 15145 3427 15128 10902 10602 15121 7586 15085 15046 4817 10599 14960 20276 3751 3692 19994 
1 12 4908 15342 6376 10954 15355 6579 10140 8409 15353 596 8720 7506 
1 5 11129 14295 9079 772 3281 
1 6 11129 14384 7619 11058 3388 8535 
1 9 8535 1201 10492 14696 3672 14769 10134 20052 19405 
1 6 19405 20050 14734 10302 14705 7296 
1 5 5641 4870 8019 1781 14405 
1 9 14405 8077 5310 14386 4333 4367 14352 2786 11129 
1 6 14386 9110 7170 6882 14453 8077 
1 9 8302 6461 14398 14436 8226 14425 4291 2323 11129 
1 7 10042 13400 1742 13494 8798 13605 13669 
1 9 5030 11632 1742 9326 9734 13547 9529 13647 10194 
1 5 10194 2096 6242 3754 13669 
1 15 13669 6114 13777 5589 10016 10129 10773 14019 9001 14128 1220 14191 14258 7436 421 
1 5 13838 5242 13753 13735 10194 
1 12 13838 13792 10853 6114 10251 436 8056 6869 13486 13499 13474 7754 
1 7 8019 9200 1904 2066 14299 7436 421 
1 5 2066 14244 3733 14161 14196 
1 5 14258 14191 1220 5343 14161 
1 12 14196 7632 14135 6810 9154 9307 9420 1439 13957 1972 9225 13857 
1 13 19458 19455 19454 11491 13868 13837 13857 13836 13850 13869 7827 2541 13838 
1 12 19458 19459 2103 13780 10934 5406 10279 4240 13752 6347 5316 10194 
1 9 19458 6292 13796 13751 2834 5027 3946 13612 10912 
1 10 1304 13480 9717 47 11502 9107 4234 11421 13685 5027 
1 7 3281 7329 5345 4479 14145 10592 9307 
1 10 3016 20015 2241 13881 10617 6746 5038 10773 13972 2563 
1 5 13838 829 13910 9298 2563 
1 14 13669 13605 5784 8056 13593 3213 13594 13581 20331 13642 13658 13683 15703 3016 
1 9 9249 13316 13295 13307 7935 5716 13279 13280 13264 
1 6 13307 6791 10471 8559 13452 7754 
1 9 3016 19427 5633 9359 9222 3316 4162 13598 6281 
1 5 6281 13495 10121 13463 5659 
1 6 5659 10468 5033 9346 13272 2989 
1 6 5772 12961 11342 8615 7988 6466 
1 8 6466 6418 13174 2808 2654 13233 7332 13264 
1 8 2989 13222 13200 2429 13147 9563 3896 13057 
1 12 9345 12786 7349 10275 5819 12902 10809 12962 4491 13001 6763 13057 
1 5 834 9691 7400 6229 9345 
1 7 834 12624 1571 10964 20061 20062 12534 
1 6 10964 1610 3911 9661 12607 9576 
1 5 9576 10030 12638 6679 12662 
1 3 11108 5392 12662 
1 5 12662 8413 2208 3156 12712 
1 6 12712 9171 9949 7834 8633 12836 
1 5 12836 1574 4794 12919 5772 
1 7 8316 13985 13942 8097 4822 13825 3016 
1 13 421 14287 7462 14230 15691 9920 11574 4260 2174 14297 10199 14255 3040 
1 8 8427 14459 6165 10702 14339 826 4150 3040 
1 12 3040 14205 7285 1455 2859 5020 9507 6130 14256 10979 3620 7686 
1 11 8316 5715 9258 3517 14098 1602 14115 14102 1801 20006 7285 
1 7 8316 4593 14059 7076 1257 4457 11574 
1 12 6281 13569 9387 2220 1917 13488 8910 13413 20333 9657 1126 20321 
1 16 3016 13789 13804 13790 7713 10120 13782 13759 5215 13684 3887 6648 13613 13562 3498 8910 
1 17 8316 9849 6740 13973 13943 13969 14004 7571 4736 14081 9062 14062 14093 6945 14066 9836 14171 
