
state={
	id=226
	name="STATE_226"
	resources={
		steel=39.000
	}

	history={
		owner = SOV
		add_core_of = SOV
		buildings = {
			infrastructure = 6

		}

	}

	provinces={
		98 673 689 1256 1461 1701 3315 3564 3597 3813 3974 4547 4566 4648 5172 5204 5512 5632 6032 6116 6282 6375 6619 6745 7337 7502 7611 7749 7813 8169 8827 8905 9295 9546 10088 10172 10432 10536 10732 10790 10949 11838 11845 11861 11867 11881 11902 11924 11928 11929 11975 11990 12025 12038 12040 12051 12056 12068 12069 12072 12082 12089 12115 12130 12132 12149 17188 19240 19243 19247 19249 19251 19254 19258 19260 19262 19264 19265 19268 19272 19273 19276 19277 19279 19281 19283 19288 19292 19294 19296 19299 
	}
	manpower=214858
	buildings_max_level_factor=1.000
	state_category=rural
}
