state={
	id=532
	name="STATE_532"
	provinces={
		9 259 414 1387 2077 2215 4197 4262 4791 5006 5128 5812 5900 5928 6522 6761 6786 6927 7366 7387 7582 8168 8378 8498 8783 9752 10459 10671 10996 11315 11815 11842 11889 11894 11943 11945 11959 11994 12014 12022 12026 12030 12031 12047 12083 12093 12110 17183 17185 19235 19237 19238 19239 19241 19242 19244 19246 19248 19250 19255 19266 19267 19271 19275 19278 
	}
	
	history={
		owner = SOV
		add_core_of = SOV
		buildings = {
			infrastructure = 2
		}
	}
	
	manpower=32228
	buildings_max_level_factor=1.000
	state_category=rural
}
