
state={
	id=57
	name="STATE_57"

	history={
		owner = FRA
		add_core_of = FRA
		buildings = {
			infrastructure = 6
			arms_factory = 1
			industrial_complex = 1
			air_base = 2

		}
		victory_points = {
			19765 20 
		}

	}

	provinces={
		622 697 1020 1507 1840 2491 2570 2696 2935 3117 3586 3623 4301 4474 4730 5089 5255 5265 5271 5360 6293 6841 6917 6962 7060 7100 7252 7347 7604 7986 8164 8197 8253 8278 8596 9009 9248 9629 10580 10653 10726 10831 10864 11229 11398 11545 15441 15444 15474 15490 15491 15504 15554 15562 15566 15589 15591 15598 15608 15619 15626 15638 15647 15648 15657 15689 15690 15725 15748 15756 15767 19720 19723 19724 19725 19729 19730 19731 19733 19734 19737 19744 19748 19752 19753 19755 19762 19764 19765 19766 19767 19771 19772 19773 19775 19779 19780 19781 19783 19784 19786 19788 19789 19795 19799 19800 19802 19806 19812 19846 
	}
	manpower=1934600
	buildings_max_level_factor=1.000
	state_category=city
}
