
state={
	id=580
	name="STATE_580"
	provinces={
		238 262 2253 3522 4771 4845 5355 6359 8073 8567 8722 10274 10378 11359 15265 15289 15303 15359 15391 15393 15399 15416 15431 15464 15494 15515 15567 19776 19793 19796 19797 19807 19811 19814 19815 19821 19828 19832 19840 19857 19876 19878 19885 19887 19891 19992 20107 20108 20109 20110 20111 20112 20113 20121 
	}
	
	history={
		owner = FRA
		add_core_of = FRA
		buildings = {
			infrastructure = 6

		}

	}
	
	manpower=639800
	buildings_max_level_factor=1.000
	state_category=town
}
